//Floor1Tables//
1,125,9,39,75,BLOCK,4
1,200,116,28,28,BLOCK,4
1,226,108,31,36,BLOCK,4
1,304,117,29,26,BLOCK,4
1,333,109,36,34,BLOCK,4
1,132,282,28,29,BLOCK,4
1,372,286,26,31,BLOCK,4
1,372,178,27,32,BLOCK,4
1,372,209,39,79,BLOCK,4
1,504,284,25,36,BLOCK,4
1,122,430,42,37,BLOCK,4
1,122,466,39,32,BLOCK,4
1,92,675,40,23,BLOCK,4
1,132,675,40,23,BLOCK,4
1,139,704,10,10,BLOCK,4
1,187,677,23,12,BLOCK,4
1,225,675,41,28,BLOCK,4
1,266,675,43,28,BLOCK,4
1,314,681,10,20,BLOCK,4
1,173,703,12,22,BLOCK,4
1,173,729,12,24,BLOCK,4
1,197,707,16,15,BLOCK,4
1,197,730,16,15,BLOCK,4
1,225,704,19,16,BLOCK,4
1,246,704,19,16,BLOCK,4
1,267,704,19,16,BLOCK,4
1,288,704,20,16,BLOCK,4
1,236,731,17,17,BLOCK,4
1,372,466,25,29,BLOCK,4
1,372,548,25,25,BLOCK,4
1,372,573,25,28,BLOCK,4
1,334,721,28,29,BLOCK,4
1,416,468,18,17,BLOCK,4
1,630,678,30,8,BLOCK,4
1,654,695,8,18,BLOCK,4
1,654,721,8,19,BLOCK,4
1,482,717,20,8,BLOCK,4
1,502,719,19,8,BLOCK,4
1,520,721,19,9,BLOCK,4
1,538,725,19,8,BLOCK,4
1,557,729,18,8,BLOCK,4
1,574,734,18,8,BLOCK,4
1,593,738,19,9,BLOCK,4
1,611,745,19,9,BLOCK,4
1,629,750,19,9,BLOCK,4
1,557,729,19,9,BLOCK,4
1,575,734,19,9,BLOCK,4
1,593,738,19,9,BLOCK,4
1,611,745,19,9,BLOCK,4
1,629,750,19,9,BLOCK,4
1,607,693,13,13,BLOCK,4
1,607,713,13,13,BLOCK,4
1,629,703,13,13,BLOCK,4
1,629,724,13,13,BLOCK,4
1,257,730,17,17,CIRCLE,4
1,284,730,17,17,CIRCLE,4
1,376,727,17,17,CIRCLE,4
1,399,727,17,17,CIRCLE,4
1,422,727,17,17,CIRCLE,4
1,422,707,17,17,CIRCLE,4
1,466,504,17,17,CIRCLE,4
1,466,530,17,17,CIRCLE,4
1,466,556,17,17,CIRCLE,4
1,76,765,20,8,SMALLCIRCLE_H,4
1,98,765,20,8,SMALLCIRCLE_H,4
1,120,765,20,8,SMALLCIRCLE_H,4
1,142,765,20,8,SMALLCIRCLE_H,4
1,163,765,20,8,SMALLCIRCLE_H,4
1,186,765,20,8,SMALLCIRCLE_H,4
1,207,765,20,8,SMALLCIRCLE_H,4
1,229,765,20,8,SMALLCIRCLE_H,4
1,250,765,20,8,SMALLCIRCLE_H,4
1,272,765,20,8,SMALLCIRCLE_H,4
1,294,765,20,8,SMALLCIRCLE_H,4
1,315,765,20,8,SMALLCIRCLE_H,4
1,337,765,20,8,SMALLCIRCLE_H,4
1,359,765,20,8,SMALLCIRCLE_H,4
1,59,677,20,7,SMALLCIRCLE_H,4
1,104,705,20,8,SMALLCIRCLE_H,4
1,509,340,11,25,SMALLCIRCLE_V,4
1,509,370,11,25,SMALLCIRCLE_V,4
1,509,564,11,25,SMALLCIRCLE_V,4
1,509,594,11,25,SMALLCIRCLE_V,4
1,381,705,17,8,BLOCK,4
1,399,705,17,8,BLOCK,4
//Floor2Tables///
2,430,455,20,10,BLOCK,4
2,449,455,20,10,BLOCK,4
2,430,464,20,10,BLOCK,4
2,449,464,20,10,BLOCK,4
2,474,503,20,15,BLOCK,4
2,474,527,20,15,BLOCK,4
2,510,388,17,23,BLOCK,4
2,570,388,17,23,BLOCK,4
2,510,445,17,23,BLOCK,4
2,570,445,17,23,BLOCK,4
2,510,519,17,23,BLOCK,4
2,570,519,17,23,BLOCK,4
2,526,424,12,12,CIRCLE,4
2,543,424,12,12,CIRCLE,4
2,560,424,12,12,CIRCLE,4
2,645,375,17,14,BLOCK,4
2,672,375,17,14,BLOCK,4
2,655,393,17,14,BLOCK,4
2,640,410,17,14,BLOCK,4
2,670,410,17,14,BLOCK,4
2,653,428,20,15,BLOCK,4
2,649,447,17,14,BLOCK,4
2,627,449,17,14,BLOCK,4
2,623,469,17,14,BLOCK,4
2,620,425,20,10,BLOCK,4
2,621,393,17,12,BLOCK,4
2,603,428,13,17,BLOCK,4
2,603,455,13,17,BLOCK,4
2,585,424,12,12,CIRCLE,4
2,619,488,20,10,BLOCK,4
2,595,488,17,14,BLOCK,4
2,595,528,22,15,BLOCK,4
2,624,535,20,15,BLOCK,4
2,650,535,11,25,SMALLCIRCLE_V,4
2,650,505,11,25,SMALLCIRCLE_V,4
2,649,482,15,15,BLOCK,4
2,512,495,20,12,BLOCK,4
2,539,495,20,12,BLOCK,4
2,563,495,20,12,BLOCK,4
2,542,553,30,30,CIRCLE,4
2,607,553,30,30,CIRCLE,4
2,542,595,30,30,CIRCLE,4
2,607,595,30,30,CIRCLE,4
2,572,573,15,30,CIRCLE_HL,4
2,592,573,15,30,CIRCLE_HR,4
2,638,563,11,22,SMALLCIRCLE_V,4
2,638,586,11,22,SMALLCIRCLE_V,4
2,638,609,11,22,SMALLCIRCLE_V,4
2,475,565,12,12,CIRCLE,4
2,475,582,12,12,CIRCLE,4
2,475,599,12,12,CIRCLE,4
2,500,555,11,22,SMALLCIRCLE_V,4
2,500,578,11,22,SMALLCIRCLE_V,4
2,500,601,11,22,SMALLCIRCLE_V,4
2,477,640,20,15,BLOCK,4
2,477,665,20,15,BLOCK,4
2,477,690,20,15,BLOCK,4
2,477,715,20,15,BLOCK,4
//Floor3Tables//
3,400,116,28,28,BLOCK,4
3,526,108,31,36,BLOCK,4
3,404,117,29,26,BLOCK,4